0 11 2
0 39 1
2 24 3
3 27 4
4 24 6
4 41 5
5 34 7
5 19 8
6 34 -2
6 19 -2
6 18 -2
7 35 9
8 24 10
9 14 12
9 1 -5
9 5 -5
9 10 -5
9 42 11
10 34 -3
10 19 -3
10 18 -3
11 1 -13
11 5 -13
11 10 -13
11 40 13
12 24 6
12 41 14
12 44 15
13 1 19
13 5 20
13 10 21
13 43 16
13 47 17
13 48 18
14 19 8
14 18 22
15 35 23
16 38 -1
17 35 24
18 14 12
18 1 -5
18 42 25
19 24 32
19 1 19
19 4 -23
19 6 33
19 15 34
19 43 26
19 51 27
19 52 28
19 53 29
19 54 30
19 55 31
20 24 35
21 24 36
22 0 39
22 7 40
22 12 41
22 45 37
22 46 38
23 24 6
23 1 -4
23 5 -4
23 10 -4
23 41 42
24 1 -12
24 5 -12
24 10 -12
25 1 19
25 43 43
26 35 -28
26 4 -28
26 3 -28
27 4 44
28 35 45
28 4 -22
29 35 -24
29 4 -24
30 35 -27
30 4 -27
30 3 -27
31 17 46
32 27 47
32 35 -33
32 26 48
32 4 -33
32 3 -33
32 17 -31
33 24 55
33 27 56
33 8 57
33 16 58
33 37 59
33 25 60
33 33 61
33 56 49
33 58 50
33 59 51
33 60 52
33 61 53
33 65 54
34 24 55
34 27 56
34 8 57
34 16 58
34 37 59
34 25 60
34 33 61
34 56 62
34 58 50
34 59 51
34 60 52
34 61 53
34 65 54
35 27 64
35 18 -18
35 49 63
36 27 64
36 35 -18
36 49 65
37 35 -7
38 34 -8
38 35 -8
39 26 66
40 34 -10
40 35 -10
41 34 -11
41 35 -11
42 19 8
42 18 67
43 35 -14
44 35 -21
44 4 -21
44 3 -21
44 38 -21
45 24 32
45 1 19
45 6 33
45 15 34
45 43 26
45 53 68
45 54 30
45 55 31
46 24 55
46 27 56
46 8 57
46 16 58
46 37 59
46 25 60
46 33 61
46 56 69
46 58 50
46 59 51
46 60 52
46 61 53
46 65 54
47 24 55
47 27 56
47 8 57
47 16 58
47 37 59
47 25 60
47 33 61
47 56 70
47 57 71
47 58 50
47 59 51
47 60 52
47 61 53
47 65 54
48 24 55
48 27 56
48 8 57
48 16 58
48 37 59
48 25 60
48 33 61
48 56 72
48 58 50
48 59 51
48 60 52
48 61 53
48 65 54
49 13 73
50 34 -37
50 35 -37
50 19 -37
50 32 -37
50 4 -37
50 13 -37
50 3 -37
50 2 -37
50 21 76
50 31 77
50 22 78
50 23 79
50 28 80
50 29 81
50 16 82
50 37 83
50 62 74
50 63 75
51 34 -39
51 35 -39
51 19 -39
51 32 -39
51 4 -39
51 13 -39
51 3 -39
51 2 -39
51 21 -39
51 31 -39
51 22 -39
51 23 -39
51 28 -39
51 29 -39
51 16 -39
51 37 -39
51 30 85
51 36 86
51 64 84
52 34 -42
52 35 -42
52 19 -42
52 32 -42
52 4 -42
52 13 -42
52 3 -42
52 2 -42
52 21 -42
52 31 -42
52 22 -42
52 23 -42
52 28 -42
52 29 -42
52 16 -42
52 37 -42
52 30 -42
52 36 -42
53 24 55
53 27 56
53 8 57
53 25 60
53 33 61
53 59 87
53 60 52
53 65 54
54 34 -46
54 35 -46
54 19 -46
54 32 -46
54 4 -46
54 13 -46
54 3 -46
54 2 -46
54 21 -46
54 31 -46
54 22 -46
54 23 -46
54 28 -46
54 29 -46
54 16 -46
54 37 -46
54 30 -46
54 36 -46
55 27 88
55 34 -44
55 35 -44
55 19 -44
55 32 -44
55 4 -44
55 13 -44
55 3 -44
55 2 -44
55 21 -44
55 31 -44
55 22 -44
55 23 -44
55 28 -44
55 29 -44
55 16 -44
55 37 -44
55 30 -44
55 36 -44
56 24 55
56 27 56
56 8 57
56 16 58
56 37 59
56 25 60
56 33 61
56 56 89
56 58 50
56 59 51
56 60 52
56 61 53
56 65 54
57 24 55
57 27 56
57 8 57
57 25 60
57 33 61
57 60 90
57 65 54
58 24 -49
58 27 -49
58 8 -49
58 25 -49
58 33 -49
59 24 -50
59 27 -50
59 8 -50
59 25 -50
59 33 -50
60 34 -61
60 35 -61
60 19 -61
60 32 -61
60 4 -61
60 13 -61
60 3 -61
60 2 -61
60 21 -61
60 31 -61
60 22 -61
60 23 -61
60 28 -61
60 29 -61
60 16 -61
60 37 -61
60 30 -61
60 36 -61
61 34 -62
61 35 -62
61 19 -62
61 32 -62
61 4 -62
61 13 -62
61 3 -62
61 2 -62
61 21 -62
61 31 -62
61 22 -62
61 23 -62
61 28 -62
61 29 -62
61 16 -62
61 37 -62
61 30 -62
61 36 -62
62 2 91
63 18 92
64 24 6
64 41 93
64 50 94
65 35 95
66 25 96
67 0 39
67 7 40
67 12 41
67 45 97
67 46 38
68 35 -25
68 4 -25
69 35 -26
69 4 -26
69 3 -26
70 34 -35
70 19 -35
71 34 98
71 19 99
72 32 100
73 24 32
73 1 19
73 6 33
73 15 34
73 43 26
73 53 101
73 54 30
73 55 31
74 24 55
74 27 56
74 8 57
74 16 58
74 37 59
74 25 60
74 33 61
74 58 102
74 59 51
74 60 52
74 61 53
74 65 54
75 24 55
75 27 56
75 8 57
75 25 60
75 33 61
75 59 103
75 60 52
75 65 54
76 24 -51
76 27 -51
76 8 -51
76 16 -51
76 37 -51
76 25 -51
76 33 -51
77 24 -52
77 27 -52
77 8 -52
77 16 -52
77 37 -52
77 25 -52
77 33 -52
78 24 -53
78 27 -53
78 8 -53
78 16 -53
78 37 -53
78 25 -53
78 33 -53
79 24 -54
79 27 -54
79 8 -54
79 16 -54
79 37 -54
79 25 -54
79 33 -54
80 24 -55
80 27 -55
80 8 -55
80 16 -55
80 37 -55
80 25 -55
80 33 -55
81 24 -56
81 27 -56
81 8 -56
81 16 -56
81 37 -56
81 25 -56
81 33 -56
82 24 -57
82 27 -57
82 8 -57
82 25 -57
82 33 -57
83 24 -58
83 27 -58
83 8 -58
83 25 -58
83 33 -58
84 24 55
84 27 56
84 8 57
84 25 60
84 33 61
84 60 104
84 65 54
85 24 -59
85 27 -59
85 8 -59
85 25 -59
85 33 -59
86 24 -60
86 27 -60
86 8 -60
86 25 -60
86 33 -60
87 34 -40
87 35 -40
87 19 -40
87 32 -40
87 4 -40
87 13 -40
87 3 -40
87 2 -40
87 21 -40
87 31 -40
87 22 -40
87 23 -40
87 28 -40
87 29 -40
87 16 -40
87 37 -40
87 30 85
87 36 86
87 64 84
88 24 55
88 27 56
88 8 57
88 16 58
88 37 59
88 25 60
88 33 61
88 56 70
88 57 105
88 58 50
88 59 51
88 60 52
88 61 53
88 65 54
89 34 106
90 34 -48
90 35 -48
90 19 -48
90 32 -48
90 4 -48
90 13 -48
90 3 -48
90 2 -48
90 21 -48
90 31 -48
90 22 -48
90 23 -48
90 28 -48
90 29 -48
90 16 -48
90 37 -48
90 30 -48
90 36 -48
91 24 32
91 1 19
91 6 33
91 15 34
91 43 26
91 53 107
91 54 30
91 55 31
92 7 40
92 12 41
92 46 108
93 19 8
93 18 109
94 34 110
94 35 111
95 14 -16
95 1 -16
96 20 112
97 35 -6
98 35 -34
98 4 -34
98 3 -34
99 24 55
99 27 56
99 8 57
99 16 58
99 37 59
99 25 60
99 33 61
99 56 113
99 58 50
99 59 51
99 60 52
99 61 53
99 65 54
100 17 -32
101 3 114
102 34 -38
102 35 -38
102 19 -38
102 32 -38
102 4 -38
102 13 -38
102 3 -38
102 2 -38
102 16 82
102 37 83
102 63 75
103 34 -41
103 35 -41
103 19 -41
103 32 -41
103 4 -41
103 13 -41
103 3 -41
103 2 -41
103 21 -41
103 31 -41
103 22 -41
103 23 -41
103 28 -41
103 29 -41
103 16 -41
103 37 -41
103 30 85
103 36 86
103 64 84
104 34 -43
104 35 -43
104 19 -43
104 32 -43
104 4 -43
104 13 -43
104 3 -43
104 2 -43
104 21 -43
104 31 -43
104 22 -43
104 23 -43
104 28 -43
104 29 -43
104 16 -43
104 37 -43
104 30 -43
104 36 -43
105 34 115
105 19 99
106 34 -47
106 35 -47
106 19 -47
106 32 -47
106 4 -47
106 13 -47
106 3 -47
106 2 -47
106 21 -47
106 31 -47
106 22 -47
106 23 -47
106 28 -47
106 29 -47
106 16 -47
106 37 -47
106 30 -47
106 36 -47
107 35 -30
107 4 -30
107 3 -30
108 35 116
109 0 39
109 7 40
109 12 41
109 45 117
109 46 38
110 35 -17
110 18 -17
111 24 6
111 41 118
112 25 119
113 34 -36
113 19 -36
114 24 32
114 1 19
114 6 33
114 15 34
114 43 26
114 53 120
114 54 30
114 55 31
115 34 -45
115 35 -45
115 19 -45
115 32 -45
115 4 -45
115 13 -45
115 3 -45
115 2 -45
115 21 -45
115 31 -45
115 22 -45
115 23 -45
115 28 -45
115 29 -45
115 16 -45
115 37 -45
115 30 -45
115 36 -45
116 14 -15
116 1 -15
117 34 -19
117 35 -19
118 19 8
118 18 121
119 32 122
120 35 -29
120 4 -29
120 3 -29
121 0 39
121 7 40
121 12 41
121 45 123
121 46 38
122 9 124
123 34 -20
123 35 -20
124 7 40
124 12 41
124 46 125
125 34 -9
125 35 -9
